-4.172595152670417917e+00
-2.125286474868889552e+00
-3.168031352366369013e+00
-3.366122820744473554e+00
-2.654280629125280733e+00
-3.882536445047953588e+00
-2.200290003447132214e+00
-2.893099766559722674e+00
-2.375299371243840607e+00
-2.195000725013771525e+00
-2.796020585820698123e+00
-1.481218953054071363e+00
-1.646668255426417815e+00
-2.858433980802109975e+00
-1.772164731620461620e+00
-2.854662672199240525e+00
-3.726498188399911982e+00
-1.512124141917008169e+00
-3.728932091343796884e+00
-3.413432590565027347e+00
-2.875480816656547312e+00
-2.193970584395700030e+00
-3.138290413605918872e+00
-2.597037714833303035e+00
-2.472420970327134704e+00
-3.624191022237956084e+00
-2.170688757941486635e+00
-2.068177390922280701e+00
-2.834774291750641773e+00
-1.349560339081554705e+00
-2.422358429962392812e+00
-3.626789108910149384e+00
-2.979100346854180792e+00
-2.427918246373592215e+00
-2.355299844086008676e+00
-5.293345563613558014e+00
-2.684353178332693268e+00
-2.933953461707245580e+00
-2.089628375673538319e+00
-3.264859185040232870e+00
-3.942867873232049014e+00
-3.051584764804514904e+00
-4.337094302303951210e+00
-2.324992946977595842e+00
-2.239803143341871916e+00
-2.333073958947654347e+00
-2.045703798499598491e+00
-1.804910058985720323e+00
-2.655106455835099410e+00
-3.281754338634619295e+00
-4.935379729133346771e+00
-2.224759793887021164e+00
-3.240623877958762833e+00
-2.071134589021827566e+00
-1.197355708477671143e+00
-2.906156280570240114e+00
-3.363090747574680517e+00
-1.947151338200064252e+00
-2.193766955490995318e+00
-3.200751894357666938e+00
-1.591871410773614270e+00
-2.826996998501582592e+00
-4.587129676599622563e+00
-2.674420107383469691e+00
-2.956628762282209166e+00
-3.428134109660097462e+00
-2.748413677724653059e+00
-2.962890587019196165e+00
-1.716858680348117172e+00
-1.834593327402206597e+00
-2.415403199791084532e+00
-2.318714288932238521e+00
-2.967535751025498936e+00
-3.424523022978428255e+00
-2.657444951308286729e+00
-3.304336709706785058e+00
-2.271265386574708778e+00
-3.385055703849149111e+00
-3.387768355642919005e+00
-2.001249728174717024e+00
-2.466496196635976190e+00
-2.829984071043642579e+00
-1.941215775405721322e+00
-3.078296270404852208e+00
-2.898424650302632077e+00
-2.093288475563221951e+00
-2.598716984011486097e+00
-3.280542334452983599e+00
-1.901168785963726293e+00
-2.290205064108408628e+00
-3.922933479027788994e+00
-3.962276006093598202e+00
-2.580672365619349318e+00
-1.654896845340411149e+00
-2.976308695119470382e+00
-2.571237189064652817e+00
-2.917082012332564478e+00
-1.629758688720887694e+00
-2.847154768375189438e+00
-2.347216356532728643e+00
-2.349030405211639749e+00
-2.106016529474404653e+00
-3.824514850367132901e+00
-2.756067337907451176e+00
-2.239188671393020691e+00
-3.353510863477493498e+00
-2.889084209952933247e+00
-1.969245176430517219e+00
-3.833185133575644610e+00
-2.254828411499619989e+00
-4.593981757145767730e+00
-2.357130421947912780e+00
-3.472015060857993607e+00
-2.349949165986137789e+00
-3.061351895801336376e+00
-4.220767900453786581e+00
-2.849694444928823955e+00
-2.483747435562288164e+00
-2.925985213457066969e+00
-3.137858038875294131e+00
-2.987424115414807346e+00
-3.809860040211898280e+00
-9.316319495846266951e-01
-2.918056807569586297e+00
-1.851303613735088449e+00
-1.564085203764819632e+00
1.473965979922623459e-01
-3.191068211441721036e+00
-4.054473808341271912e+00
-2.754567092357827374e+00
-4.228101447980311178e+00
-2.044691068715001947e+00
-2.973303106906355797e+00
-2.565969975754285759e+00
-2.444208175978688669e+00
-2.631909647248205975e+00
-2.931075390963402860e+00
-7.369234570216570690e-01
-1.621021887748474999e+00
-2.578297815164355189e+00
-2.848768168619329355e+00
-2.351606981011751696e+00
-2.407061799904655519e+00
4.569554660355854558e+00
-1.827990196074743556e+00
-1.866764690432521911e+00
-1.891557525652315608e+00
5.628638920400970136e-01
2.148239179584470193e+00
-2.914675884166454178e+00
-3.709493837229754121e+00
-2.059598609730657781e+00
-3.817843030247813463e+00
-1.885814167122617846e+00
-2.109810509893936370e+00
-1.180024240716319506e+00
-2.404296291573426725e+00
-2.080303983401514234e+00
-2.196319463977700170e+00
-1.953289384659341321e+00
-1.026180416986566923e+00
-1.656975423018361537e+00
-2.721452437309622496e+00
-2.232295208391152919e+00
-2.501886415700591115e+00
-2.588709046530524471e+00
-2.420394559929309963e+00
-2.911382629960361790e+00
-1.519365426432209287e-01
-2.689531153548757381e+00
-2.621204877133814559e+00
-2.826580788334872363e+00
-1.821013295653508335e+00
-4.358498455051240228e+00
-2.902857453972365498e+00
-1.432017153855683178e+00
-3.083028710235932723e-01
-2.556126978927575788e+00
-4.303396405478824960e+00
-1.201490234730445694e+00
-1.538369829894262963e+00
-2.206393204693295917e+00
-2.708769006885006547e+00
-2.752164634928246034e+00
-2.571921280049959346e+00
-2.618590153698049150e+00
-2.399025011531448204e+00
-3.229635370782280024e+00
-2.831836824657282481e+00
-3.926515221079225793e+00
-1.097588021717820217e+00
-1.027937957884324849e+00
-3.250272659273665710e+00
-2.120911071236105450e+00
-1.838326741893676397e+00
-3.137430065781573685e+00
-2.196287801022324349e+00
-2.685630666955609591e+00
-1.558249030944243385e+00
-3.509238855787155220e+00
-7.279760408785377335e-01
-2.751507954187037086e+00
-1.077533965965287832e+00
-1.503392183003386062e+00
-1.837049643448756431e+00
-1.212555065854392655e+00
-2.333151202642472555e+00
-4.112948325340743949e+00
-3.266212969500381202e+00
-2.683321270446620055e+00
-1.727328388292769246e+00
-2.489934225340861396e+00
-2.129610060632674884e+00
-2.351630661371408415e+00
-1.884509361371512703e+00
-1.344684256009129220e+00
-2.192058468746688416e+00
-2.950992555307347498e+00
-5.810094934755994922e-01
-2.311815880685463398e+00
-1.750197291816746548e+00
3.658311648456481768e-02
-1.647972675571487411e+00
-8.198535024072652055e-02
-2.330386259057486698e-01
-2.085210797875297839e+00
-5.839691917747439343e-01
-8.364837767964266035e-01
-1.335128334499581682e+00
-1.291127857308172144e+00
-3.468429036942182186e+00
-3.439287610987217803e-01
-2.033706391635358823e+00
-1.115951651754954366e+00
-8.487231512066302219e-01
-2.063867509501750241e+00
-1.234375982836533936e+00
-1.392488145126396404e+00
-1.713301891262064558e-01
-2.792793746877185956e+00
-3.443779179910365418e+00
-4.448848155464652621e+00
-6.449322863249832283e-01
-7.490549708507441284e-01
-1.933028018279896010e+00
-1.006352804327442341e+00
-2.350695701028062690e+00
-1.146066589023825077e+00
-1.469819257035612337e+00
-3.822887289265541444e+00
3.704784737840438602e-01
-9.049216699279594156e-01
-2.117432019132325483e+00
-1.707643393622956030e+00
-2.613937066150293198e+00
2.925874156644882040e-01
-2.509454563043864272e+00
-2.971081444441044273e+00
-2.883205246983761683e+00
-3.011471442793415498e+00
-1.317743940188176532e+00
-1.636921151891410853e+00
-1.205862627176116142e+00
1.153495001438031187e+00
-1.392603172432882230e+00
-1.794728811315226880e+00
-8.864825884330753691e-01
-2.546085315559162066e+00
-1.279651472960713354e+00
-2.884435699784758445e+00
-2.602742614035440827e+00
-2.050672399970479010e+00
-4.723396924878746628e-01
-1.511963960494931980e+00
-3.349844765296684734e+00
1.209014844764795399e-01
-1.784651645767516781e+00
-2.036017981964267420e+00
-4.648113571649319375e+00
-1.850462422282018071e+00
-3.347452248547735820e+00
-5.894486097608134800e-01
-1.122491424045427344e+00
1.000874799395828491e-01
-3.656468326225291499e+00
-8.554942828801042065e-01
-2.436847013266713269e+00
-2.811738354879572022e+00
-1.949168097368582320e+00
1.609279680516918776e-01
1.892764492616879346e-01
-2.223131971553347963e+00
-1.544346258993460452e+00
-1.552399312322209290e+00
6.644790517559460152e-01
-1.811114428786982922e+00
-2.059948512715400679e-02
-1.966022324441358604e+00
8.452949818192723175e-02
-2.146592564697352490e+00
-1.086505582691947192e+00
3.630294558782585224e-01
-4.494628684135746344e-01
-7.470556550907880844e-01
-2.641904001496449883e+00
-6.096143266792609233e-02
-2.149536625249787392e+00
-1.612542081193004684e+00
-7.068548958712258523e-01
5.792739005006340008e-02
-2.661656873128615430e+00
-1.137448994572876293e+00
2.573174444518612491e-02
-2.364132328116017145e+00
-3.020606280399820154e+00
-2.181353866912222994e+00
-1.217569571290839425e+00
-1.407572343615117960e+00
-1.604407246802793230e+00
-2.723934160943580984e+00
-2.066124766448659278e-01
-8.538811155481200732e-01
-4.011508493729035507e+00
-2.647851879846462531e+00
-1.460718430420761882e+00
-1.308454698630290070e+00
-2.583144922717268699e+00
-1.688499524345384417e+00
-9.928555482716062974e-02
-1.203412514302418135e+00
-2.531302683456686076e+00
2.844922128528380376e-02
-2.408459131061751468e-01
-2.200085844290178561e-01
-2.494362960204050239e+00
-6.705650108996576986e-01
-1.244103086406399106e+00
-4.125488119094615769e+00
-2.093597422816226850e+00
6.243613917384293055e-01
-4.456847823246380180e+00
-1.502286150710523627e+00
-1.501514473812932016e+00
-6.124408035203730449e+00
-1.330180790848523698e+00
-2.813438498748224603e+00
-2.120083682909974954e+00
-1.421529002582176737e+00
-2.768207329779650117e+00
-2.895521066799894072e+00
-1.272609829050052932e+00
-3.373954044458968848e+00
-2.123134157683356005e+00
-3.811241702534766129e-01
-5.799572908169515761e-01
-1.665075171544306398e+00
-2.010892200421068754e+00
-3.569861633994560357e+00
-2.803478740864154273e-01
-2.454429795373692436e+00
-2.019439191635185704e+00
-2.076379195501382391e+00
-1.840182379519849976e+00
7.444803619337730938e-01
-1.254996252253412381e+00
-2.861903657178145544e+00
-2.972419370233781333e+00
-9.212947398284829781e-01
8.237277828842549943e-02
-1.116029186407317686e-01
1.311611804107835032e-02
-2.715733729841634414e+00
-3.574313218750816645e+00
1.471366347423353149e+00
-1.378351906763421175e-01
-1.180721827901561660e+00
-2.782934895749746396e+00
-7.185995313955749995e-03
-2.119616721880510646e+00
-5.211941823563915888e-01
-2.600089049882393644e-01
-1.506999877248009989e+00
-1.999869062769119132e+00
1.138432447772374512e-01
-1.566965339924651035e+00
-2.642689225945033193e+00
-1.944754723278100395e+00
-1.366646484198278166e+00
1.231652044109518673e+00
-6.094080778188527558e-01
-3.077563900745964531e+00
-3.617803098197277745e+00
-2.455628925342000723e+00
-1.434998604281384482e+00
-1.127606964306234749e+00
-5.487250043244600306e-01
-1.419205201376622982e+00
-2.546437679883066352e+00
-1.636353837434217473e+00
-2.472166232235972760e+00
2.264082201927874571e+00
5.499880482139942739e-01
-4.756610815266136605e+00
3.396840697166546796e+00
8.458908578810050427e-01
7.114705916058299273e-01
7.010267084761985235e-01
1.119007972669876727e+00
1.701137429959794556e+00
8.507914011503500129e-01
-2.169679440477739085e+00
-3.041809873557651311e+00
9.988588922089131072e-02
-2.757727077261172610e+00
-2.342558516343016262e+00
3.456659372148982445e+00
-1.424285201938575662e+00
-2.791075922710083201e+00
-2.736786675905611421e+00
1.943702598608105125e+00
-4.633336967809268181e+00
-1.454666934814641932e+00
-2.106115674764116541e+00
-2.801698269361307947e+00
-1.913056592392630151e+00
-5.587047237201034910e+00
-6.893089806986746337e-01
-1.187445368037733262e+00
1.821236140359778322e+00
1.245207596264041428e+00
4.766081694348082820e+00
3.903397294045673482e-01
-1.335055551456145073e+00
-5.782215324667747680e-01
2.163814286471320791e+00
-1.105105276729546171e+00
-1.430758206586900005e+00
3.852235900595579743e-02
-1.933045503226379802e+00
1.480219218403638626e-01
6.316889016384542588e-01
-2.004822778412000961e-01
-2.057989619679934545e+00
1.025615166813175660e+00
1.797536711740116422e+00
1.461656503777140292e+00
2.231810522218060200e+00
-8.039660896238072230e-01
-7.770479594106994847e-01
4.286590495976919102e-01
2.267023355823647446e+00
-2.591488982657265794e+00
-8.408795249342483347e-01
2.565453827309627677e+00
-2.010628124870096567e+00
-4.280534816658390085e+00
5.010286675129520084e+00
5.062951972427324421e+00
-2.046371839824314254e+00
-5.614607227288088698e-01
-1.228795275219672689e+00
4.607996748841166057e-01
2.543116700683942355e+00
-2.446077016680979543e+00
3.952863866732093001e+00
5.157314907255732273e+00
-1.859374819006558432e+00
4.501020856691391181e-01
-1.819984634599602469e+00
-5.016198084179945837e-01
-5.915800841258840315e+00
5.780794087471154974e-01
5.122817275247045776e-01
1.137211817950589898e+00
-3.620317629186651232e-01
-6.588048584592514523e+00
1.855227627037230986e+00
1.590306813704123190e+00
-8.429548157237496397e-01
-2.021277177794084390e-01
-4.432625274193113363e+00
3.215502225758055665e-01
2.080123669524570396e+00
5.831341095359225957e-01
5.805475913206868954e-01
-1.376738664512088928e+00
8.164885024657849710e-01
-4.515523682557518015e+00
4.639495545147741540e-01
2.297865884168901751e-01
-2.616516015360518033e+00
-7.389666189900372384e-01
2.597051516009112326e+00
-1.423590114164716258e+00
-5.555639731675930726e+00
2.200178436729385012e-01
2.133870319018309036e+00
-1.276241018715537356e-01
-3.505229172043141883e+00
-2.707074723069517130e+00
-1.243616171267207138e+00
-2.204636615010413081e+00
-6.111461362085994775e-01
1.038002315609797943e+00
-1.617797542391423260e+00
2.457401428112618635e+00
-1.880215430977218549e+00
6.394402135163987366e-02
3.323310507865924190e-01
7.846086720288482086e-01
-2.632718230683122052e+00
2.250194570952446682e+00
-1.469925937489679368e+00
1.045825634010215222e+00
-1.159597063336547329e+00
-6.657002334058850224e-01
1.308358744722193823e+00
8.191480698076507583e-01
1.721076399155332615e+00
2.262498392825594618e+00
1.219376167958284185e+00
-7.949398312162510027e-01
-1.236283993559976979e+00
5.460082576856815084e-01
-1.010514808729781264e-02
2.836644717475504951e+00
2.987746448577056069e-01
-2.516349775035191527e-01
-3.970400718078381797e+00
-8.711208995299160041e-01
-5.194855683103444477e+00
-1.403387194872697696e+00
-1.707866098408884481e-01
-7.319330831449774588e-02
2.487847747102911899e+00
2.356071598763039621e+00
-7.440587524917895434e-01
3.230248383844558369e+00
-1.033002887010983972e+00
2.634039722824900842e+00
2.430006626575407669e+00
-3.225869535238664820e+00
-2.557702386745337897e+00
2.871887174863849257e+00
2.581797345465355775e+00
3.246455263832218052e-01
5.477534595790768401e-01
7.550555860798434660e-01
3.396920399011989389e+00
-3.422674340239587387e+00
-2.282128571829950658e+00
-1.520346571769281674e+00
-6.816139870680626434e-01
2.168526964011294189e-02
9.695571396213807924e-01
1.025730244120090173e+00
2.674270947238632790e+00
-1.872676474675289415e-01
-1.180978395851099760e+00
4.347842944468519599e-01
-4.374290551052137377e-01
-1.596025641663831429e+00
1.329554903994863979e+00
1.336146606911875034e+00
2.032471083330240624e+00
3.514227056407768779e-01
-2.945998955942509268e-01
-1.034638693842003132e+00
4.548104614678818991e-01
-8.105838334266634027e-01
-1.699248904683847705e+00
4.696591782299726958e+00
1.597658376486218001e+00
9.764029244236117899e-03
-2.118358217073991856e+00
4.498526135413917437e+00
-1.258050521416015644e-01
1.028694314000780041e+00
-6.040904207343595012e+00
-2.491492653160825022e+00
2.078264813749194140e+00
-3.268167651221762227e-01
-9.728602126492148783e-02
-1.221568646132118907e+00
-2.259687184558720752e-01
1.942635391356830610e+00
-3.136953192100431664e+00
9.370700441756698584e-01
3.709591601392629556e+00
6.245568954334927980e+00
2.185383022316263801e+00
6.006654769048084264e-01
-2.451526152978516837e+00
3.668757298281239976e-01
-1.074346136399306623e-01
3.068298603651628653e+00
3.645874566276228190e-01
-2.903808027503031131e+00
1.282617452124778179e+00
-2.159912158198905807e+00
-4.510308020413171803e+00
-4.157643174336430825e+00
-3.729720075859003003e+00
-3.316267932827111409e+00
-2.072427879699747955e+00
-1.288039430878705094e+00
-2.414883929414946895e+00
-2.124454889607532593e+00
-3.026620371566830503e+00
-7.437370864290855366e-01
-2.785936706704568167e+00
-3.471355915420077043e+00
-2.617355494823886186e+00
-3.009939961655986540e+00
-2.553367978014158268e+00
-5.281823530131454225e-01
-1.867741845342591578e+00
-2.263402201565280603e+00
-8.224920188671206445e-01
-1.787280065987598032e+00
-1.958610810736308272e+00
-1.311105914614100421e+00
-1.079290821576647907e+00
-4.319880902225347041e-01
-2.668741173702624092e+00
-4.152267705702559653e+00
-1.043107650617163484e+00
-3.461464392558287084e+00
-1.521006066440976134e+00
-3.058036192520198426e+00
-3.903914376027224797e+00
-2.126570618577296123e+00
-2.526593267766843010e+00
-2.520772029082408938e+00
-1.463185898746893532e+00
-6.664218336266606313e-01
-3.193895339347931905e+00
-4.375848118597939873e+00
-5.695278982374254451e-01
-1.417744649627109998e+00
-2.781009318094413985e+00
-2.768583828977832617e+00
-3.755324400898777171e+00
-1.034491251097875653e+00
-1.458807322186043143e+00
-1.935081496824315739e+00
-5.223820831299293310e+00
-4.424670821145086919e+00
-2.089208069907522614e+00
-3.837445764554330285e+00
-9.428785116364670760e-01
-2.604880007141779252e+00
-1.705006454237967484e+00
-2.858459959289427310e+00
-2.078855530177402322e+00
2.408237360083143597e-01
-2.638994349501238013e+00
-2.484106027610198275e+00
-1.892896949054913458e+00
-2.133788524310014090e+00
-2.625044372395723524e+00
-2.550463495527846014e+00
1.366806324172118448e-01
-1.116981064228284470e+00
-1.963837744970857280e+00
-3.631671483252974397e+00
-3.269790278281992979e+00
-2.597049749361977522e+00
-2.356166932742641773e+00
-2.791192658737513099e+00
-4.472328288269848073e+00
-1.789336148534527826e+00
-1.471504640592644630e-01
-2.736067227515420530e+00
-4.636990188352672959e+00
-2.952084824420168729e+00
-1.594072106483724216e+00
-1.465690157795954462e+00
-5.116261411010524229e-01
-2.285840081022020964e+00
-4.772678856380196066e+00
-1.871733271845201108e+00
-2.614263628023414832e+00
-1.488711830286999938e+00
-5.099015077745221447e+00
-2.481252540969354214e+00
-4.360557788372615207e+00
-3.744148563347541980e+00
-4.070981511953143617e+00
-2.232603773242866352e-01
-1.741553356166590572e+00
-2.006393592441582108e+00
-1.003174067898080946e+00
-1.074108198094483546e+00
-2.220950540509609716e+00
-7.228007097294874006e-01
-1.181451623561044162e+00
-3.548769338967425746e+00
-5.781519733585323007e-01
-2.228621875786686246e+00
-9.437368872074429760e-01
-1.387518183773719604e+00
-1.379554421860442526e+00
-2.319570436565029592e+00
-3.719557586125120441e+00
-9.787877216350886200e-02
-1.663568498884642644e+00
-4.968016306815796312e+00
-3.676798971337688293e+00
-2.109954695967304339e+00
-2.929625251936436747e+00
-3.041736061931758162e+00
-1.499281558802600500e+00
-1.978691189813169382e+00
-1.250887952501660294e+00
-1.933269819428302450e+00
7.740792548067411127e-01
-5.303199528686516118e+00
-2.553398088614672545e+00
-2.914662190319600832e+00
-3.268459994007898661e+00
-2.175284955251174601e+00
-4.224232452184149444e+00
-3.163207677458843570e+00
-1.529563855381379289e+00
-5.768322308936511433e+00
-2.161505799127832805e+00
-3.648821155836147856e+00
-3.612367412431520819e+00
-2.333023132654214127e+00
-3.394066454566214031e+00
-4.568420782450273165e+00
-1.323551170194319004e+00
-2.519786090158593783e+00
-1.898066547931675840e+00
-4.811850847348422278e+00
-1.190052578394972471e+00
-2.743604711084618675e+00
-3.462726434153361676e+00
-2.298061205078471669e+00
-3.053068398409188422e+00
-1.082765665367894981e+00
-2.578666503035661695e+00
-2.343528257131400228e+00
-2.387000213195201503e+00
-3.959370113524638857e+00
-3.123330591762538244e+00
-2.772935845487219275e+00
-5.015278869735940503e+00
-2.077998633635260273e+00
-3.666481775720696668e+00
-3.844596350709427846e+00
-2.216236365689591370e+00
-1.260582786999197680e+00
-9.304976614694232540e-01
-2.918718414936021688e+00
-3.268708862379952951e+00
-2.910781395250516379e+00
-2.274373314114372047e+00
-2.239944433149133385e+00
-1.507354332809936581e+00
-2.299042270948000954e+00
-1.666354131322071108e+00
-1.622005013208439816e+00
-2.413233068849247154e+00
-2.789693539552886126e+00
-3.086690100469996700e+00
-1.263900407735073950e+00
-5.055994538245278669e+00
-2.683386256212467735e+00
-3.154147716682785596e+00
-2.059510505371859423e+00
-2.979078782298213657e+00
-1.127050171288833225e+00
-1.805247873538472492e+00
-3.273655546089990320e+00
-3.422459918535901480e+00
-3.446479011123124714e+00
-2.958746724169476039e+00
-1.286261773662240149e+00
-3.368451281371756867e+00
-1.893709336683327971e+00
-1.999213765302242596e+00
-1.074363720211909845e+00
-2.472673594773767025e+00
-3.703967849756207631e+00
-2.874474835174116727e+00
-2.781825968688758532e+00
-7.461943181900531075e-01
-3.838580034740205260e+00
-2.704538057716278754e+00
-3.824199433560900641e+00
-1.070614682590345534e+00
-2.296138183616528661e+00
-3.949748432080475435e+00
-2.354921511957242863e+00
-3.781817786596356701e+00
-2.952848168236107629e+00
-3.065175329764827428e+00
-2.446190546763741480e+00
