7.019387919418080823e-01
-3.169841349008861026e-02
-6.952416539917722904e-01
-9.836468751474816141e-01
1.453151617612243651e+00
3.239213183539552787e+00
-1.615330989175739473e+00
1.196003859706275874e+00
2.333682547372057048e+00
-6.563253468363090537e-01
8.417658392155534797e-01
-1.158779091147953855e+00
-5.550735040912221363e-01
6.658036716822270940e-01
-1.115823605483987402e+00
-9.424794691001969760e-01
-7.225826005728726020e-01
-1.426292895829623930e+00
-7.348248409761641842e-01
-1.333038472505718497e+00
-6.642390508433411167e-01
-1.281385233480998309e+00
-2.280791640235702911e+00
-2.733378560006064273e+00
2.215200432019091004e+00
-2.655095699210646143e-01
9.423976466458161561e-01
2.417235999937294100e+00
-2.566847145367788130e+00
-1.848597105127220530e+00
-3.314689967018012773e+00
-4.303018689099460392e-01
-2.656165067992104944e+00
-1.310240339568059742e+00
4.952930499179932333e+00
5.969496826428485114e+00
-2.261635110348058308e+00
-8.344736247356167036e-01
-1.417429333878849285e+00
-1.535481929223520225e+00
-1.312017513393871848e+00
3.457673213928264211e+00
-2.875839051875690444e+00
-3.045547006599201301e-01
4.632069909841924904e+00
-1.190599372021545976e+00
2.315271364207532878e-01
-1.839047935316927784e+00
3.083504760926262467e+00
-2.588294242825023517e+00
3.515752838742007391e+00
-2.030151535003691166e+00
-1.922196536896732200e+00
-1.825969617427000591e+00
-2.249880637359665148e+00
6.462353941836257443e-01
-4.291987081572238849e-01
4.982960042012825608e-01
-1.145046761802160251e+00
-1.779447844886906216e+00
-1.237310125782892678e+00
2.054698514607048998e-01
9.062177172961184413e-01
1.594473351408932649e+00
-6.503426884716552170e-01
-2.233633655977841137e+00
-2.521219529016008210e+00
-1.379660845849287609e+00
-2.476396869591956040e+00
-5.641292544333048609e-01
1.816937092112414637e-02
-1.716371570420362369e+00
-2.201828459777959712e-01
4.411216660742000251e+00
-1.442288843252409247e+00
-9.695354513320697531e-01
9.220270509070397580e+00
-1.752613449428720438e+00
-7.014638603294798269e-01
-1.717991489886782297e+00
-1.136172447636201177e-01
-1.348115953301577630e+00
1.431736335642187496e-01
-1.844070073129389087e+00
-2.037070250941655836e+00
-1.125340619047001889e+00
-8.838080164296491237e-01
-1.238895170271987478e+00
5.128872555868965177e-01
-2.288589528252488847e+00
-1.187257202857648686e+00
-6.793326684879057442e-01
-1.502336576381808619e+00
-2.855186780346183006e+00
-4.015701290704122073e+00
4.998772577527246241e-01
-9.118258019968613626e-01
6.476102374784606930e-01
-1.439596819499221914e+00
-1.372398858328027549e+00
6.251909940935082011e-01
-1.473405068341707702e+00
-2.155346740046455434e-01
-3.440457391974752754e-01
-1.593559797474222828e+00
-1.807345179741332020e+00
-3.245744796501362495e-01
-4.177799862425428112e-01
-2.876806315970812822e+00
-1.526979812725843599e+00
1.488552292617542294e+00
-5.654681784801289801e-01
-3.441201219771221176e+00
-5.604659909645418603e-01
-2.269176086777897616e+00
-6.722491370184164872e-01
-2.045237186541688512e+00
-1.287261572258920239e+00
-1.879508755869718772e-01
-4.505101897306762471e-01
5.862377151224978933e-01
-2.059920206458950354e+00
3.750832375686550701e+00
-1.444865333404533603e+00
-1.435947028794632541e+00
-1.885671644866256047e+00
-2.157775705403146560e+00
-9.676438401536916478e-01
-1.259359597303934208e+00
-1.868658508682846109e-01
-3.568549734191168721e+00
-6.491858755523063351e-01
-1.664840908934280606e+00
-1.932337024515247803e+00
-1.891986703443814033e+00
6.129570660087790140e-02
-8.354410562355980563e-01
2.659693761917515165e+00
-3.542956810894057451e+00
-9.653076962287415741e-01
-3.386225778147170740e+00
-4.397402232721746573e-01
-5.275650900289818868e-01
-2.150105751426177325e-01
-1.306037264831551026e+00
-1.919892942159738825e+00
9.818889289640369000e-01
-1.636769213580123283e+00
-2.542095876257762121e+00
5.629824778834037202e-01
-1.095922739981312510e+00
-7.647896304969362680e-01
-2.250376053291993639e+00
-1.597650100350184399e+00
-1.433425248628941828e+00
-8.930980470557799977e-01
-1.630602193118799725e+00
9.165192190395221594e-02
-1.420650867386512139e+00
-2.763610598516633710e-01
3.988367451414655540e-01
4.128478526934788562e+00
1.056924680218801926e+00
-4.440010360304995629e-01
-5.507783753571319219e-01
-8.634601757953184187e-01
-1.571422172855571064e+00
-1.677285575513518090e+00
-1.853525482344152930e+00
-1.910600515661438292e+00
-1.015253271345655017e+00
-2.835341332614418786e+00
-3.287119476571955801e-01
-2.354982097650252015e+00
3.553666814406633567e-01
2.504310108558676085e+00
1.818220132298766500e-01
-3.133935534237833664e+00
-1.008219341386917600e+00
-8.771158726019293583e-01
1.596231476563289842e-01
-2.430940040837909599e+00
8.115314927499462927e-01
1.522709194870597527e+00
-3.568045395345251225e-01
-2.527264695371171377e-01
-2.293517232759471725e+00
9.188731020505332969e-01
-4.343682768445231157e-01
4.604608539651660948e+00
1.694323613850914345e-01
2.396138150874725647e-01
6.701132356848533700e-01
-9.392752939240226473e-01
-1.903542387895190924e+00
-8.910866550664072738e-01
-1.546126844248809917e-01
-5.709043200727551559e-01
-2.621848577348861453e-01
-9.001353974246122380e-01
-2.248135558351245677e+00
-2.023726327884432408e+00
-2.793961193767934503e+00
-1.921625414522056596e+00
-2.728611573796807743e+00
-3.881277010299672980e+00
-1.745049919931481286e+00
-4.029301095465343430e+00
-3.651305082702962057e+00
-2.916465003610218432e+00
-1.992863375722083052e+00
-1.938689490845550312e+00
-4.687643512688415726e+00
-4.641928536268683736e+00
-1.338419254045297713e+00
-2.505089117096527929e+00
-2.337099096453159497e+00
-8.920008577314085807e-01
-4.072074109427261668e+00
-2.404843622508759715e+00
-1.902739010846752121e+00
-3.735296846304004825e-01
3.142322572935942193e-01
-1.133730776948524754e+00
-5.109219656430830092e+00
-2.504343225002058748e+00
-3.630518222663832173e+00
-2.510745756151421926e+00
-1.409680061017359209e+00
-2.434068724316260646e+00
-1.489516599007391306e+00
-9.060486939379103211e-01
-3.020536603347697913e+00
-3.123262384741445796e+00
-5.533666175562052203e+00
-6.067748902004769462e+00
-2.722707460234531585e+00
-2.073066950923053486e+00
-3.070395879214184998e+00
-2.036736860993873854e+00
-1.903459381911264625e+00
-4.126488210750829388e+00
-7.104404320536794604e-01
-1.992866349657489433e+00
-4.817647735867981673e+00
-2.296511531544216833e+00
-3.264120690048390561e+00
-6.932990090213967393e-01
-4.376413142989859395e+00
-3.025561400461133643e-01
-4.130817726516906596e+00
-2.253666109848651899e+00
-3.021800579668712405e+00
-6.084684820254928628e-01
-8.801586215574049021e-02
-3.910112535262445288e+00
-2.860822383730991625e+00
-4.047676967643348611e+00
-2.290072575697615243e+00
-2.526554644199201949e+00
-2.256044584668186470e-01
-3.233871814161861646e+00
-2.425644275165600661e+00
-4.510032477004273233e+00
-2.528487263088985415e+00
-3.413063847767477288e+00
-1.224176206299931069e+00
-1.564552051760814244e+00
-2.483317368198231012e+00
-2.149405451717052440e+00
-2.146797466459992254e+00
-3.458474121803845058e-01
-2.633503350503152873e+00
-6.089083336705689575e+00
-1.369617389063045199e+00
-2.572473465050029162e+00
-4.562647217578160941e+00
-1.032413608766258317e+00
-1.518616147369636238e+00
-4.575198664112282709e-01
-3.327422143087611861e+00
-1.826676405862564412e+00
-2.154109620746153198e+00
-2.540174162259725144e+00
-3.254888255696679167e+00
-3.192573931760703587e+00
-2.698943478189972822e+00
-1.752531548746116163e+00
-3.032573299102490516e+00
-5.265328634110548744e-01
-3.166862310694566585e+00
-2.491574834356711676e+00
-1.321702432384326942e+00
3.273524398496128196e-01
8.106878037750744892e-03
-3.336252474888838915e+00
-1.691837265796643841e+00
-3.700771935087184161e+00
-1.278681457434572399e+00
-4.778629005359219306e+00
-1.337464923358505198e+00
-4.208629849706872150e+00
-4.436325263804492103e+00
-3.821348061214284719e+00
-1.014563210011578231e+00
-1.917579663435867054e+00
-4.132028344804586695e+00
-2.420170007827994851e+00
-2.990120942984635377e+00
-1.912776770334571497e+00
-5.686407459104291462e+00
-8.305796071027151672e-01
-2.001239451566951821e+00
-2.182782597477644249e+00
-4.679443507143653536e-01
-8.424294111771223337e-01
-2.339806066828199693e+00
-1.886414680539285404e+00
-2.467529028194575869e+00
-2.480120719733435397e+00
-4.176853460640269411e+00
-3.943105339077439542e+00
-4.637455462798164341e+00
-2.622968368111535664e+00
-2.506681047917008520e+00
-6.536700330885751864e-01
-3.393367324787898376e+00
-2.688372547824451342e+00
-6.721797703351845010e-01
-2.408265168878493512e+00
-1.840466053785962397e-01
-4.216326479333035060e+00
-7.249826132657981592e-01
-8.334737459981892416e-01
-1.906611525568321586e+00
-2.693575898810633085e+00
-1.200390884558041105e+00
-4.879288034727991885e+00
-3.712429170215302499e+00
-2.635070845300329534e+00
1.325427137333734795e-01
-1.598932909309008554e+00
-2.398852042391211192e+00
-2.278154841082697057e+00
-3.691567707431145706e+00
-2.261385861706359801e+00
-4.260080415305387724e+00
-3.412779505041218631e+00
-2.365700102687226636e+00
-2.034316540878985613e+00
-9.594741592761752980e-01
-2.691268604502647488e+00
-2.349128202366957741e+00
-1.112035932505474500e+00
-7.747941532849735857e-01
-1.072443779204322878e+00
-1.896201033822708881e+00
-2.208842968987767996e+00
-3.923990265918488429e+00
-2.046903813031630825e+00
-3.165094614900087144e+00
-4.183105159788508054e+00
-3.674940951589369842e+00
-1.998918343979902090e+00
-2.362818972396627970e+00
-3.829256101838723669e+00
-3.084083843653421031e+00
-2.582206959572540317e+00
-1.860859097068254586e+00
-3.535980978400376618e+00
-3.973186972334858069e+00
-1.907925212252293390e+00
-1.929647205851611869e+00
-8.244542749487602240e-01
-4.973486200815813163e+00
-4.805467213260833148e+00
-3.044870585601920698e+00
-1.431820958313251069e+00
-1.362562461169266603e+00
-1.847055635272968344e+00
-3.294189619916454426e+00
-3.441850383835897365e+00
-2.653074480070670482e+00
-3.630308902875760690e+00
-3.563501476375355193e+00
-2.166220706285699293e+00
-2.190371080043306939e+00
-4.921835963005766423e+00
-2.818933116218975243e+00
-4.956670348955125149e+00
-3.604548886055674917e+00
-3.078866987826112567e+00
-2.425126576420340463e+00
-1.744824093459941716e+00
-1.510763823469020994e-01
-1.991309931059988658e+00
-1.580093443999331271e+00
-1.796014646680556659e+00
-2.042346005630330197e+00
-4.311987545081813700e+00
-8.815969337475351719e-02
8.532533547682137620e-02
5.299204440806826871e-02
2.726637285541434474e-01
2.996447877677856919e-01
2.144187423230689282e-01
1.059670822908244520e-01
1.975537732342359798e-01
-1.350477343200942260e+00
3.464790129197373059e+00
-1.776797232295025120e-01
-9.221500066354718639e-01
6.606965977635095300e-01
-1.227862827856977201e+00
1.928960242731357355e-01
-1.203739690318842204e+00
-7.793606834364298630e-02
6.292884169875599953e-01
2.243563730854236139e-03
2.125717548885476482e+00
-3.092122313577648551e+00
3.279769414164613317e-01
-6.165716927035157502e-01
7.466300550410720493e-01
6.535885692276266479e-01
-2.446728402887693221e+00
-2.826116955061042546e+00
-1.732122555093533522e+00
3.490466204186630228e-01
-1.721192958979153032e+00
2.477374964262195167e+00
6.909129132389648653e-01
3.722605794201701901e+00
6.994131152939629947e-01
4.379656610979386355e-02
-1.239430960294356648e-01
-4.229449572829437898e-01
-5.993686620688233324e-01
2.560460010071786030e+00
3.625862396775806351e-01
1.084766811284761795e-01
2.836154598921127867e+00
-1.433198022881346123e+00
-4.967602810481006048e-01
2.559845972585436336e+00
1.349244968447733395e-01
-3.408382130808686461e-01
2.880270420294975264e-01
2.290882982410183288e+00
-2.973865773984798011e+00
-2.418673395850916119e+00
7.092246999149702802e-01
-4.005337523232866959e-01
1.704528575625224640e+00
-1.945042535851979615e-01
9.709537071745596437e-01
1.726937197081465758e+00
-2.023001039074733054e+00
-1.267271761037981337e+00
-7.984537443867231188e-01
-4.122554354615252770e+00
-8.892477086772503370e-01
2.167433747531645818e-02
2.428947310024392792e+00
-3.555422364257873058e-01
-1.446534041152299777e+00
-3.326611740361430924e-01
5.828334189976642765e-01
-1.970371439013355874e-01
1.993127810424857538e+00
6.924981999013457568e-01
-2.050615873629662023e+00
-6.607441223582631862e-01
1.577898808048202595e-01
1.308995439464783139e+00
-1.379193852066303183e+00
1.116789979456095094e-01
-2.720836317390427639e-01
-2.719065917606971472e-01
-8.503129533006534846e-01
-1.144070781394545211e+00
-4.983618291376649134e-01
-2.963156532538609444e-01
4.912845012004472545e-01
2.747060822510486999e-01
1.544142334954470508e+00
1.877826328560376012e+00
2.944706759647362504e-01
-1.100844578758207112e-02
-1.135345383812700781e+00
1.271928562305673749e+00
2.764064030052750365e+00
-1.043636347307414391e+00
9.312119477406937129e-01
-1.183675153580728612e+00
-2.759223947316472358e+00
-3.137890968203829622e+00
-1.995327536549757141e+00
-7.306145980553702124e-01
-1.782312545342860766e+00
-6.620362855334909202e-01
-3.024796205765183377e-01
8.543166572496149191e-01
2.297085639193526152e+00
-3.275399261136467399e-01
2.307272874968635257e-01
-1.144230471323477438e+00
2.083102714416526502e-01
-1.656710161121876190e+00
-8.167480025747697603e-01
2.112673901546954447e+00
-2.526112893476065505e-02
2.822718597275877261e+00
6.663382199945936391e-01
6.209363305683339718e-01
7.421215936923946099e-01
7.087115676861077684e-02
6.256237954511925103e-01
-1.347695371264970188e+00
1.840816583664415251e+00
1.222929981237189379e-01
-4.329914534215303923e-01
-5.943150238875656299e-01
2.072841424175073666e+00
1.080430425480702894e+00
-5.030810951450789270e-01
4.386037023361656975e-03
5.529137448844700931e-01
1.123981522408576406e-01
-5.404312080725756084e-01
9.420141348331702025e-01
-2.500357881595048237e+00
8.400800435720557902e-01
-8.980651203047645970e-01
7.825391236344486634e-01
-1.719640888556599245e+00
3.915129757178557185e-02
4.067099604527520396e-01
-9.994510193424696043e-01
1.294491921925497557e+00
9.950325999882759787e-01
-1.531510312577847976e+00
2.826128118571006320e-01
3.839431153254925233e-01
2.787380812409578468e+00
9.816677580125857117e-02
-6.389862343691204982e-01
5.763060175242951111e-01
1.301081576035494791e+00
1.030031716868951452e+00
1.712839326959024078e+00
1.586402223207668966e-02
-3.391945657788657531e+00
1.279645620767882797e+00
-2.491980747742572888e-01
8.251113289213821145e-02
-7.165344831570553685e-01
-1.435911886627691425e+00
-1.668113200513992922e+00
-3.597677530853966577e-01
2.506635567464728265e+00
1.315056826757772024e+00
-3.749337822156022237e-02
-5.625325237339025009e-01
1.371401293162774371e+00
-1.302994747634933281e+00
1.780415047948733509e-01
-4.878833787826651336e-01
-6.111253963726854810e-01
5.783599158516222055e-02
-1.615265170581433374e+00
2.202118019038435737e+00
9.187348668178093591e-01
3.534409772301626007e-01
1.377544826506643449e+00
2.506853889354985210e-01
1.513455719968026303e+00
1.266764928283042213e+00
1.308112614045461752e+00
5.184900162500113430e-01
-3.088874206773195574e+00
-9.755796220650896078e-02
1.348322552349171310e+00
-5.955958009124674712e-02
2.387648740139858006e-01
4.457782882456972490e-02
-1.058669468597051466e+00
-5.532085610663007857e-01
-1.618571422358216008e-02
-3.942782604282782377e-02
-4.009853809489278276e-01
3.640951944651936445e-02
1.740259553648566326e+00
1.122153212729856797e+00
6.151854310054614278e-02
3.497125677330002458e-01
5.621475216800446706e-01
-1.003955764023681529e-01
7.549229629094486027e-01
1.172873304223470248e+00
3.447113150481419773e-03
-5.793742751132910929e-01
-3.133277967326296931e+00
-9.388631995047589385e-01
-7.398955087225609351e-01
-9.793017852468327566e-02
-1.718105607834868209e+00
-1.321717989945392580e+00
-1.599799229672315970e-01
-2.306104383543637226e+00
-1.199955632523432847e+00
-1.741273490103625754e+00
-2.362818580703388793e+00
-8.776823681153302914e-01
-3.357706599868613306e+00
7.662037989768392954e-02
-5.184109284465034939e-01
-1.413020338950891297e+00
1.234165341702210816e-01
-1.484848432232121151e+00
-3.120871312283946875e+00
-2.745350600179754075e+00
-1.413329919143810898e+00
-7.759059048557465088e-01
2.430900737164608250e-01
-5.497337583626898949e-01
3.639596529253379953e-01
9.735593019459201081e-01
-1.512335664159272453e+00
-2.014939027659423676e+00
3.592378902803914763e-03
-1.823424746486162817e+00
-1.470230048432176861e+00
-2.802545343793684918e+00
1.291646581623631329e+00
7.255151523629534971e-01
-4.096605617255586473e+00
-2.434161347638657436e+00
-2.845892303647996613e+00
-1.220876469938702025e+00
-1.959214259149605342e+00
1.187144642281968698e+00
-1.110934070685306363e+00
-8.791356564605333490e-02
1.803979297245019708e+00
-8.323566958625815415e-01
-1.360038712434109565e+00
-1.088907243085527110e+00
1.142063712698305533e+00
-9.642796163492755035e-01
-4.624714093407916171e-01
-3.961635395323881426e-01
-1.049036228197783638e+00
-3.484240913355030500e+00
-2.320415675037584169e+00
-5.915641175742429869e-01
-1.092038950387958618e+00
-8.418894042182122339e-01
-2.562699299461625113e+00
-1.283314120263501890e+00
-1.991683948413902339e-01
1.096284876278658338e+00
-1.522145287537288505e+00
-6.566984024905928585e-01
-9.063669208636857544e-01
-1.998287693956559030e+00
1.692506213350286962e-02
-1.313988861535742014e+00
-1.232744688231243030e-01
-2.860156264087618805e+00
-1.447203124119750495e+00
-2.439956884116415647e+00
-2.187382910408500969e+00
1.769238778536612156e+00
-1.564933484667949015e+00
-5.877791051941317832e-03
3.730408829278121452e+00
-1.299413723508160423e+00
-8.466067442176490321e-01
-1.078945390024597772e+00
-1.776200560231963488e+00
-3.163995121799426657e-01
-2.523211984202002878e+00
2.150089212948768647e-01
-1.520716604564662733e+00
-2.054376026471634642e+00
6.014549474726993417e-01
-1.141624836295866308e+00
-1.086636443423320442e+00
-8.945438235182885389e-01
-3.830875834348462572e+00
-1.724929389703642402e+00
-1.037995335756477955e+00
-1.148391895423436226e+00
1.641805527458012559e+00
-3.216333789741383953e+00
-1.926823952491843794e+00
-3.611214193863693911e+00
-4.594940418968186391e-01
4.443402590351489545e-01
3.376723354087455276e-01
-2.931129422401493656e+00
4.716997171568725333e-01
-7.339152272116348241e-01
-4.660031400368163101e-01
-1.191651744540076052e+00
-2.881220056971774968e-01
5.008510444047682419e-01
-6.465564742656169095e-01
-2.830801590721831462e-01
-1.192492540794977574e+00
-1.182026402456193948e+00
1.105519876760701209e-01
-4.203400233142993714e-01
-4.275976159509209396e+00
-8.604996243278940637e-01
-2.046058550312002566e+00
-6.974981709581162814e-01
-2.172269601567958119e+00
-3.073036249649604201e+00
-8.593533861188533685e-01
-1.609929901021562193e+00
9.789545835108669491e-01
-1.979095398980364351e+00
-1.233452925371316899e+00
-6.411136671499489958e-01
-3.746708391846448993e+00
-3.334615287691231167e+00
-2.137282695210987793e+00
-1.921172288303760967e+00
-2.240032805291047424e+00
-1.439567197217499928e+00
-1.738884111617642336e+00
-1.708508562564353461e+00
7.484422785126717548e-01
-1.353381737858871059e+00
-1.627412986968558739e+00
6.451837237387260116e-01
1.022375332853132507e-01
-1.174354050277876871e+00
-2.415991591589599086e+00
-1.038737189577885189e+00
-9.015488503961809341e-01
-1.795178705949057374e+00
-3.288504806028877070e+00
-1.772466717038514439e+00
4.870662917312278406e-01
-1.701623498456862116e+00
-3.520855728905276649e-01
-9.023935062346418734e-01
-2.080372286061902276e+00
-5.978346075448730534e-01
-2.158624766729085653e+00
-2.046241187827819719e+00
-1.603486328234412062e+00
-5.536128672171984899e-01
-2.330361117419619266e+00
-9.374442269578778797e-01
-2.094592131297775328e+00
-1.070283220698567961e+00
-1.274917660294687671e+00
1.392213420313727745e+00
1.754102824832098340e-01
-1.949719308931462614e+00
-2.018811218295958998e+00
-5.209321769514783096e-01
-7.540975122319929502e-01
-8.933424616001451879e-01
-1.310409970268967106e+00
-3.154546100203924119e+00
-1.720591275018316990e+00
-2.098307900496557465e+00
4.531057886834465309e-01
-1.888478456681740303e+00
-1.671961869263098421e+00
1.096128343901309865e+00
-1.017685853327994216e+00
2.011397664865288148e-01
-1.937046417528694997e+00
-1.880002215938151089e+00
-4.424733968285443075e-01
-1.166740853937072275e+00
-4.520413467776920879e-01
-1.122787024025380109e+00
-1.227829276392667701e+00
-9.626208866955029420e-01
-8.581629267817083573e-01
-1.341599568931689523e-01
-1.206231662011747030e+00
2.526266565163442390e+00
-9.008944868094854730e-01
-1.752402751164933825e+00
-5.573469349914413895e-01
-2.851664922921556933e+00
-6.323870310969630371e-01
-3.236535132275052629e+00
5.417908759969967958e-03
-1.543792626948166991e+00
8.058145781917951458e-03
-1.432426794437011264e+00
